739
1083
1246
1275
1711
1804
1863
2152
2189
2208
2319
2346
2453
2568
2608
2672
2745
3192
3304
3486
3499
3681
3725
4141
4311
4327
4491
4534
4751
4946
4974
4996
5060
5373
5574
5579
5607
5676
5856
6184
6383
6620
6679
6723
6834
7044
7324
7396
7416
7927
8059
8210
8296
8369
8745
8859
8864
9956
10083
10347
10404
10454
10634
10705
10899
11011
11051
11169
11285
11743
11774
12272
12559
12609
13192
13308
13313
13386
13427
13645
13762
13933
13997
14192
14411
14419
14558
14598
14718
14731
15007
15051
15362
15423
15437
15491
15523
15759
15781
15826
15846
15870
15922
15945
16051
16075
16227
16302
16326
16512
16655
16836
16985
17344
17614
17808
17910
18044
18173
18191
18406
18583
19091
19494
19515
19567
19586
19730
19876
19938
20083
20246
20446
20723
20863
21082
21101
21134
21167
21286
21705
22066
22520
22640
22948
23029
23127
23354
23428
23608
23629
23764
24127
24623
24710
24880
25123
25244
25244
25264
25290
25536
25684
26400
26464
26532
26537
26589
26748
26774
26968
27499
27607
27633
27649
28095
28312
28413
28528
28553
28586
28848
28960
29141
29241
29281
29462
29553
29849
30186
30403
30535
30615
30801
30840
31856
31956
32042
32108
32276
199